1.453 1.642
0.234 0.528
1.413 1.324
1.231 1.236
2.234 2.326
0.979 1.047
1.104 1.235
0.748 1.032
4.875 2.951
1.299 1.319
1.341 1.731
1.119 1.478
2.309 2.371
1.836 1.364
0.885 0.887
3.098 2.705
1.838 2.244
0.618 0.974
2.574 2.682
1.071 1.039
2.678 2.553
1.704 2.012
1.759 1.947
1.549 1.478
1.082 1.21
0.575 1.091
1.179 1.158
1.968 1.989
2.684 2.568
1.558 1.666
1.795 2.117
2.365 2.139
2.816 2.734
0.825 0.856
2.014 1.769
1.496 1.857
1.082 1.163
2.547 2.775
2.441 2.195
1.048 1.139
1.623 2.184
4.0 3.289
0.947 0.803
0.602 0.909
1.298 1.401
3.211 2.674
0.649 0.77
2.078 2.205
1.975 1.946
1.845 1.761
1.729 1.756
2.066 1.916
2.697 2.582
1.424 1.109
0.908 1.384
2.773 2.373
3.336 2.648
1.387 1.409
1.192 1.477
1.036 1.126
1.536 1.555
3.41 2.664
0.602 0.71
2.191 1.823
0.922 0.969
2.162 1.904
1.477 1.706
1.285 1.375
1.007 1.435
1.533 1.938
1.928 2.006
1.869 1.82
3.338 2.877
1.289 1.22
1.136 1.417
1.303 1.335
1.415 1.576
1.272 1.285
1.539 1.668
1.589 1.953
1.427 1.483
0.939 1.201
3.752 3.277
1.451 1.848
1.808 1.753
2.459 2.027
0.957 1.169
0.698 1.171
2.029 1.829
0.762 0.983
2.004 2.133
1.73 1.972
2.891 2.225
1.059 1.274
1.727 2.057
2.924 2.828
1.705 1.662
1.623 1.831
1.782 1.743
1.172 1.394
2.73 2.822
1.261 1.346
2.088 2.422
1.7 1.417
2.594 2.523
1.197 1.212
0.908 1.099
3.285 2.617
1.191 1.527
1.544 1.511
1.662 1.572
0.919 1.058
2.738 2.508
1.759 2.363
0.535 0.685
1.946 1.831
2.248 2.057
1.482 1.63
0.751 0.735
0.572 0.682
1.461 1.299
0.863 0.918
0.996 1.133
1.29 1.212
1.864 2.154
1.394 1.408
0.813 0.795
1.668 1.963
3.562 3.17
1.182 1.327
1.079 1.039
1.218 1.206
1.805 1.643
1.562 1.515
0.78 0.9
1.235 1.405
1.745 1.659
0.405 0.722
3.373 2.994
2.213 2.18
1.293 1.683
0.951 1.17
1.232 1.175
1.981 1.828
3.078 2.492
1.035 1.248
1.288 1.492
3.273 3.08
1.192 1.273
1.236 1.468
1.578 1.688
0.414 0.614
0.498 0.529
2.197 2.094
2.59 2.93
0.805 1.073
1.012 1.056
1.919 1.783
1.629 1.535
1.976 1.927
1.21 1.209
0.881 1.025
3.096 2.318
0.852 1.121
2.164 2.123
1.927 2.014
2.699 2.381
2.105 1.957
1.264 1.42
1.753 1.841
1.216 1.425
1.48 1.587
1.81 1.769
1.195 1.346
2.057 1.977
1.372 1.774
0.647 0.784
2.098 1.843
2.299 1.979
2.074 2.15
0.592 0.936
1.026 1.079
1.535 1.17
2.377 2.039
1.188 1.116
1.9 1.413
3.074 2.695
0.889 1.057
1.482 1.722
0.828 0.9
2.674 2.287
1.946 2.1
2.418 2.393
1.867 2.152
2.795 2.535
1.123 1.142
2.066 1.949
2.113 1.903
1.676 2.195
1.002 1.065
1.177 1.438
1.313 1.524
1.179 1.393
3.473 3.4
1.403 1.404
2.02 2.18
1.32 1.255
1.376 1.326
2.105 2.307
2.17 2.057
3.666 2.836
2.18 2.154
1.73 1.95
0.338 0.562
0.729 0.838
1.926 1.456
1.782 1.777
1.192 1.121
1.224 1.316
2.031 2.068
0.64 0.679
0.489 0.577
0.986 1.193
0.654 0.783
1.268 1.317
1.074 1.072
1.958 2.32
1.346 1.882
2.615 2.566
1.353 1.937
3.121 2.59
1.715 1.909
0.654 0.983
2.746 2.326
1.739 1.815
2.602 2.584
0.39 0.569
0.722 1.032
1.53 1.786
0.716 0.696
1.212 1.172
2.078 2.086
1.767 1.962
1.027 1.082
0.616 0.757
2.67 2.58
3.75 3.588
2.197 2.191
1.641 1.934
1.467 1.545
1.647 1.86
0.934 1.199
1.465 1.546
0.696 0.853
1.739 1.843
2.365 2.404
1.293 1.652
1.455 1.664
1.729 1.318
1.191 1.203
3.066 3.119
2.031 2.014
3.494 2.91
1.61 1.824
1.452 1.534
1.219 1.487
1.17 1.383
1.741 1.595
2.33 2.527
1.748 1.748
2.867 2.42
1.733 2.287
2.422 2.33
1.599 1.631
2.832 2.998
2.604 2.477
1.148 1.119
1.815 1.764
1.582 1.731
2.443 2.479
1.185 1.224
1.115 1.163
1.382 1.401
2.635 2.248
1.161 1.132
2.223 2.205
0.856 0.94
0.764 0.753
3.48 2.877
1.793 1.85
1.235 1.534
2.127 1.871
0.937 1.191
1.925 1.917
2.523 2.465
2.377 2.107
1.62 1.557
1.752 1.747
0.557 0.691
0.941 1.443
0.723 1.026
1.445 1.771
1.419 1.487
1.623 1.783
1.797 1.709
2.336 2.316
1.099 1.241
0.756 0.988
0.78 0.863
0.708 1.028
1.288 1.38
3.09 2.756
1.142 0.9
1.464 1.539
2.023 2.049
1.053 1.149
0.966 1.147
1.611 1.504
1.396 1.692
1.09 1.26
0.684 0.862
3.568 2.875
0.859 1.026
1.449 1.771
2.121 2.477
2.748 2.408
1.775 1.749
0.987 1.086
2.205 2.164
0.903 1.063
2.475 2.289
2.207 1.965
1.195 1.195
1.692 1.8
2.799 2.135
1.037 1.133
0.125 0.177
2.014 2.098
2.375 2.34
0.821 0.95
1.11 1.273
1.993 1.972
1.604 2.043
0.948 1.191
2.965 2.551
2.523 2.426
0.868 1.228
1.577 1.647
1.532 1.484
2.186 2.158
1.655 2.422
2.668 2.824
1.249 1.828
1.332 1.615
2.791 2.379
1.818 1.775
2.615 2.83
1.308 1.605
2.029 1.981
1.434 1.138
1.31 1.279
1.939 2.084
1.692 1.756
1.952 1.849
1.412 1.686
2.219 1.973
1.809 1.475
1.562 2.094
0.816 1.02
1.27 0.977
2.309 2.391
1.11 1.137
2.73 2.479
1.781 1.744
0.461 0.91
1.677 1.652
0.95 1.121
1.205 1.648
2.098 2.223
1.075 1.141
1.138 1.477
2.133 2.107
1.21 1.487
2.613 2.742
0.939 1.009
0.351 0.57
2.156 2.156
1.157 1.15
2.08 2.123
2.096 1.909
2.086 1.796
4.332 4.156
1.035 1.42
2.102 2.486
1.174 1.103
1.812 1.7
1.449 1.876
1.637 1.599
1.104 1.24
2.676 2.414
1.354 1.09
2.143 2.021
2.26 2.406
2.6 2.221
1.837 2.014
2.51 2.346
1.68 1.585
1.746 1.983
1.924 1.665
2.83 2.584
2.598 2.057
2.408 2.307
0.875 1.05
2.287 2.525
1.798 1.742
2.785 2.297
1.885 1.837
1.961 1.858
1.097 1.311
1.946 2.506
1.919 2.105
0.711 1.057
1.915 1.811
1.776 1.75
1.547 1.579
2.139 1.789
2.359 2.355
1.28 1.244
1.498 1.547
0.839 0.869
2.758 2.695
1.336 1.504
1.072 1.251
1.241 1.393
2.926 3.221
0.872 1.114
1.715 1.072
0.574 0.686
1.7 1.793
2.443 2.451
1.287 1.374
3.018 2.475
0.368 0.431
0.756 1.027
0.583 0.747
0.628 0.692
1.054 1.454
1.479 1.534
0.913 1.085
2.387 2.398
0.876 0.932
1.22 1.317
2.074 1.962
2.205 2.484
1.118 1.11
0.611 0.651
1.025 1.173
1.614 1.636
1.778 1.912
2.275 2.26
2.574 2.365
1.582 1.924
2.262 1.892
1.6 1.559
0.743 0.859
1.193 1.15
1.322 1.458
1.854 2.156
1.126 1.123
1.689 1.822
1.339 1.509
0.75 0.873
2.264 2.57
2.436 2.459
0.961 1.282
0.571 0.627
2.631 2.389
0.686 0.748
2.135 2.125
2.381 2.391
1.381 1.275
3.1 3.104
1.58 1.843
0.766 0.874
2.494 2.262
2.246 2.383
1.987 2.031
2.35 2.195
0.562 0.833
2.91 2.584
1.865 2.527
0.492 0.898
1.198 1.688
1.693 1.686
3.52 2.852
0.49 0.622
1.754 1.962
1.454 1.407
2.324 2.104
1.531 1.455
1.33 1.283
0.977 1.362
1.205 1.5
1.812 2.203
0.941 1.035
2.082 2.004
1.219 1.772
1.112 1.268
2.428 2.352
1.559 1.325
1.879 1.867
1.523 1.382
1.538 1.514
0.647 0.736
2.924 2.74
2.881 2.713
0.624 0.707
1.188 1.155
1.656 1.916
1.556 1.57
1.873 1.884
2.393 2.391
2.354 2.164
0.725 1.052
0.966 1.202
1.196 1.109
0.672 0.831
0.449 0.548
0.649 1.078
2.035 1.935
0.832 1.188
1.76 1.758
1.434 1.902
1.909 2.016
1.323 1.549
1.223 1.203
2.83 2.826
0.926 1.239
1.519 1.115
1.692 1.736
1.159 1.179
1.935 1.969
2.357 2.633
0.917 1.058
1.007 1.206
2.15 2.045
1.455 1.392
0.67 0.812
0.985 1.107
2.273 2.16
1.146 1.048
2.607 2.518
1.633 1.718
1.173 1.133
2.391 2.723
1.113 1.221
3.068 2.861
1.261 0.97
2.354 2.279
2.279 2.262
2.918 2.568
1.702 1.887
2.059 2.477
1.729 1.481
1.334 1.391
1.253 1.18
1.216 1.278
3.539 3.25
0.985 0.874
1.496 1.612
3.895 3.309
1.146 1.247
1.532 1.581
1.945 1.827
0.94 0.941
0.944 1.089
1.133 1.202
0.869 0.983
2.91 2.727
1.703 1.757
2.4 2.602
1.341 1.18
1.639 1.448
1.101 1.13
1.589 1.909
1.486 1.836
1.196 1.407
0.579 0.618
1.858 2.406
1.124 1.381
1.196 1.256
1.978 1.932
1.276 1.52
2.787 2.596
2.158 1.963
1.229 1.81
1.491 1.635
1.716 1.802
1.087 1.133
2.059 2.357
2.541 2.357
2.209 2.59
3.414 3.035
2.943 2.518
1.263 1.537
1.523 1.549
0.756 0.85
1.307 1.85
1.575 1.766
1.716 1.562
1.667 1.472
1.499 1.592
1.603 1.239
1.93 1.615
1.325 1.562
2.283 2.098
2.496 2.438
0.81 0.991
1.257 1.205
1.683 2.014
1.521 1.861
2.404 2.303
1.832 1.204
3.07 2.244
0.871 1.02
0.481 0.581
1.865 1.846
2.301 2.172
3.789 3.053
0.884 0.881
1.986 2.086
1.681 1.58
1.685 1.956
1.983 1.928
0.983 1.024
0.721 0.677
2.111 2.281
1.667 1.714
0.405 0.737
1.649 1.63
2.326 2.541
2.652 2.604
0.841 1.026
0.594 0.672
1.131 1.132
1.076 1.031
1.67 1.696
0.783 0.812
1.713 1.731
0.862 0.976
0.926 1.164
1.246 1.524
1.885 1.919
2.354 2.275
1.278 1.604
0.946 0.975
1.733 2.082
0.49 0.621
2.162 2.156
2.691 2.285
2.467 2.426
1.115 1.137
1.58 2.23
1.084 1.155
2.174 1.83
1.433 1.599
1.515 1.533
1.242 1.467
2.25 2.035
0.858 1.264
2.496 2.232
0.609 0.966
1.039 1.261
2.211 2.104
1.669 1.621
2.346 2.5
1.412 1.269
1.695 1.776
3.836 3.777
2.137 2.18
1.434 1.704
0.742 1.237
0.676 0.762
2.02 2.168
2.021 1.819
2.504 2.211
2.258 2.207
1.39 1.18
0.684 0.68
1.062 1.207
2.053 2.287
2.145 2.23
2.137 1.979
1.81 1.799
1.668 1.635
2.092 1.964
1.342 1.461
1.107 1.175
0.57 0.776
2.213 2.137
0.757 0.949
0.976 1.169
1.246 1.488
0.454 0.693
1.358 1.449
1.354 1.395
2.684 2.391
2.953 3.229
1.443 1.222
0.658 0.823
1.194 1.419
1.293 1.494
2.025 2.592
2.732 2.178
0.709 0.812
1.714 2.08
0.492 0.573
2.08 2.348
2.93 2.336
1.375 1.661
0.577 0.74
1.696 1.766
1.486 1.378
0.654 1.17
1.392 1.744
1.584 1.621
1.051 1.311
1.292 1.501
1.017 1.046
0.407 0.531
0.936 1.189
1.436 1.496
3.65 2.818
1.774 1.775
1.409 1.35
1.458 1.361
2.467 2.287
1.105 1.203
0.824 1.019
0.97 1.033
0.282 0.556
0.887 0.84
1.487 1.489
0.744 0.781
0.627 0.512
1.949 1.94
0.958 1.172
2.783 2.414
1.929 2.031
1.576 1.652
1.617 1.517
1.352 1.395
3.117 2.943
1.875 1.975
1.848 1.717
3.186 2.869
1.328 1.316
1.049 1.135
0.786 1.014
0.699 0.954
1.138 0.925
1.4 1.396
0.567 0.912
0.962 1.146
2.188 2.234
0.754 0.814
2.305 1.839
1.131 1.681
1.924 1.857
1.271 1.441
2.16 2.01
1.318 1.315
1.277 1.788
1.918 1.888
1.298 1.642
1.138 1.26
1.491 1.612
1.464 1.722
1.566 1.896
0.687 0.74
0.725 0.794
1.344 1.521
1.162 1.388
4.512 4.762
2.195 2.637
1.186 1.238
1.717 1.679
2.719 3.107
0.633 1.044
1.287 1.453
1.861 1.781
2.898 2.729
1.983 2.018
1.355 1.422
0.602 0.905
0.709 1.116
1.349 1.162
3.15 3.127
2.312 2.08
0.942 1.12
2.529 2.035
1.804 1.744
1.103 1.039
2.299 2.088
3.074 2.387
0.923 1.006
1.623 1.823
2.115 2.08
2.801 2.506
2.367 2.217
1.427 1.58
2.434 2.494
0.798 1.106
0.415 0.768
1.499 1.742
0.645 0.641
1.26 1.576
1.562 1.641
2.104 2.43
1.598 1.928
1.202 1.188
2.818 2.447
1.74 1.807
1.737 1.795
1.342 2.004
0.629 0.71
0.466 0.599
2.762 2.34
1.385 1.727
1.385 1.273
1.771 1.668
2.666 2.131
1.374 1.374
0.994 1.047
1.098 1.68
1.664 1.746
2.338 2.244
0.823 1.201
0.313 0.416
2.117 2.168
1.809 1.708
1.656 1.641
1.269 1.522
1.163 1.567
3.363 2.807
2.496 2.75
1.921 2.295
1.139 1.17
0.844 0.808
1.271 1.234
1.733 1.701
2.012 2.512
0.818 0.975
2.318 1.997
1.897 1.8
1.344 1.597
2.592 2.707
1.696 1.637
1.287 1.322
2.043 2.029
2.225 2.07
2.381 2.562
0.579 0.815
2.182 2.156
2.164 1.848
2.578 2.381
1.603 1.765
2.436 2.324
2.117 1.947
1.698 1.32
0.357 0.648
1.396 1.429
1.272 1.272
1.739 1.683
1.233 1.47
3.922 3.277
0.77 1.231
1.591 1.601
1.425 1.729
0.783 0.948
2.258 2.123
1.366 1.286
0.635 0.833
1.972 1.754
1.229 1.174
2.582 2.309
1.289 1.29
1.231 1.612
1.023 0.875
0.792 1.056
1.019 1.053
0.516 0.713
0.91 1.183
1.388 1.709
0.954 0.954
2.414 1.957
1.232 1.187
0.695 0.94
1.732 1.695
0.763 1.021
2.412 2.396
2.277 2.479
1.812 1.801
1.47 2.117
2.172 2.281
1.376 1.68
1.398 1.431
1.278 1.235
0.871 1.129
1.938 1.938
3.297 2.791
0.757 0.866
1.502 1.583
3.186 3.123
0.598 0.826
1.072 1.431
3.953 3.09
1.108 1.269
1.068 1.28
1.731 1.978
1.998 1.924
1.676 1.61
2.061 1.971
0.473 0.638
2.252 2.334
0.781 1.104
1.67 2.025
3.586 3.273
1.185 1.281
2.068 1.625
1.311 1.343
1.621 1.81
1.394 1.448
2.227 2.26
0.881 1.013
1.851 1.846
2.484 2.371
0.679 0.811
1.067 1.053
2.176 2.424
2.33 2.285
3.998 3.295
1.812 1.548
1.632 1.664
1.617 1.663
2.395 2.191
1.42 1.21
1.82 2.48
1.718 1.893
1.575 1.521
1.213 1.345
2.537 2.293
0.887 1.196
2.918 3.111
1.312 1.471
2.307 2.967
0.698 0.882
2.26 2.0
2.275 2.41
1.764 1.693
1.334 1.37
0.583 0.741
1.291 1.427
1.632 2.125
0.935 1.023
2.02 2.201
0.953 0.927
2.52 2.303
0.918 0.978
1.415 1.421
1.391 1.386
2.066 2.023
3.445 3.395
1.652 1.354
2.193 2.195
1.256 1.164
1.932 1.845
2.229 2.273
2.807 2.479
0.621 0.898
2.346 2.105
2.498 2.1
1.192 1.079
2.562 2.178
0.654 0.852
2.803 2.348
3.146 2.555
1.585 1.461
1.132 1.15
1.207 1.621
1.008 1.148
1.771 2.287
1.514 1.522
1.395 1.711
3.438 3.279
1.41 1.447
1.441 1.482
2.002 1.673
1.219 1.356
1.574 1.691
2.234 2.629
